 0  0.25000000000000000     
   1.0000000000000000E-002  0.24999999999969627     
   2.0000000000000000E-002  0.24999999999969627     
   2.9999999999999999E-002  0.24999999999969627     
   4.0000000000000001E-002  0.24999999999962269     
   5.0000000000000003E-002  0.24999999999580549     
   5.9999999999999998E-002  0.24999999996679942     
   7.0000000000000007E-002  0.24999999979147899     
   8.0000000000000002E-002  0.24999999888895641     
   8.9999999999999997E-002  0.24999999482716592     
  0.10000000000000001       0.24999997858067730     
  0.11000000000000000       0.24999992009734667     
  0.12000000000000000       0.24999972871126178     
  0.13000000000000000       0.24999915459408956     
  0.14000000000000001       0.24999756484120320     
  0.14999999999999999       0.24999347717738046     
  0.16000000000000000       0.24998366741053074     
  0.17000000000000001       0.24996159678328653     
  0.17999999999999999       0.24991486170963548     
  0.19000000000000000       0.24982139675304116     
  0.20000000000000001       0.24964431459910508     
  0.20999999999999999       0.24932558265293644     
  0.22000000000000000       0.24877921082220056     
  0.23000000000000001       0.24788518754518532     
  0.23999999999999999       0.24648590504285889     
  0.25000000000000000       0.24438706287466366     
  0.26000000000000001       0.24136483923623517     
  0.27000000000000002       0.23718036130160072     
  0.28000000000000003       0.23160122776725706     
  0.28999999999999998       0.22442825520816315     
  0.29999999999999999       0.21552409793415675     
  0.31000000000000000       0.20483934646656274     
  0.32000000000000001       0.19243148904762342     
  0.33000000000000002       0.17847288186737514     
  0.34000000000000002       0.16324552164401107     
  0.35000000000000003       0.14712261323594300     
  0.35999999999999999       0.13053918823736696     
  0.37000000000000000       0.11395585511261966     
  0.38000000000000000        9.7820764755353951E-002
  0.39000000000000001        8.2534889452287999E-002
  0.40000000000000002        6.8424811310122818E-002
  0.41000000000000003        5.5725670249620059E-002
  0.41999999999999998        4.4575111850807959E-002
  0.42999999999999999        3.5017384038526882E-002
  0.44000000000000000        2.7015454160503674E-002
  0.45000000000000001        2.0468311420072847E-002
  0.46000000000000002        1.5230495315426282E-002
  0.47000000000000003        1.1131243741279301E-002
  0.47999999999999998        7.9913129364774758E-003
  0.48999999999999999        5.6362993891027084E-003
  0.50000000000000000        3.9060324661513417E-003
  0.51000000000000001        2.6601987408098379E-003
  0.52000000000000002        1.7807549329182022E-003
  0.53000000000000003        1.1718855357246566E-003
  0.54000000000000004        7.5829663311431390E-004
  0.55000000000000004        4.8255844067164616E-004
  0.56000000000000005        3.0206673550977773E-004
  0.57000000000000006        1.8603055095209808E-004
  0.57999999999999996        1.1274067107444019E-004
  0.58999999999999997        6.7247873143180874E-005
  0.59999999999999998        3.9487936274507458E-005
  0.60999999999999999        2.2830956142543273E-005
  0.62000000000000000        1.2999979078453183E-005
  0.63000000000000000        7.2912892144759749E-006
  0.64000000000000001        4.0289541595060998E-006
  0.65000000000000002        2.1937581446319792E-006
  0.66000000000000003        1.1772656514980291E-006
  0.67000000000000004        6.2277207282391086E-007
  0.68000000000000005        3.2481122207304028E-007
  0.69000000000000006        1.6705409589597447E-007
  0.70000000000000007        8.4738941907681790E-008
  0.70999999999999996        4.2401670909253525E-008
  0.71999999999999997        2.0932917702505273E-008
  0.72999999999999998        1.0197527238312435E-008
  0.73999999999999999        4.9028473399636558E-009
  0.75000000000000000        2.3267995274962918E-009
  0.76000000000000001        1.0901694867683424E-009
  0.77000000000000002        5.0433552816475814E-010
  0.78000000000000003        2.3040945871041910E-010
  0.79000000000000004        1.0396799406911308E-010
  0.80000000000000004        4.6342536435116908E-011
  0.81000000000000005        2.0408055079380936E-011
  0.82000000000000006        8.8802421184150439E-012
  0.83000000000000007        3.8186324832416505E-012
  0.83999999999999997        1.6229611031520862E-012
  0.84999999999999998        6.8183884196699037E-013
  0.85999999999999999        2.8319384502721768E-013
  0.87000000000000000        1.1629694493019496E-013
  0.88000000000000000        4.7226758653576972E-014
  0.89000000000000001        1.8966848887535871E-014
  0.90000000000000002        7.5342547542030900E-015
  0.91000000000000003        2.9605565488884918E-015
  0.92000000000000004        1.1509150541451906E-015
  0.93000000000000005        4.4268825122630372E-016
  0.94000000000000006        1.6849405614078752E-016
  0.95000000000000007        6.3467178437220893E-017
  0.95999999999999996        2.3661217942314595E-017
  0.96999999999999997        8.7315778313015274E-018
  0.97999999999999998        3.1897723872301994E-018
  0.98999999999999999        1.1536678314390058E-018
   1.0000000000000000        0.0000000000000000     
