 0  0.25000000000000000     
   1.0000000000000000E-002  0.24999999999692332     
   2.0000000000000000E-002  0.24999999999354061     
   2.9999999999999999E-002  0.24999999999015790     
   4.0000000000000001E-002  0.24999999998675784     
   5.0000000000000003E-002  0.24999999998329828     
   5.9999999999999998E-002  0.24999999995360495     
   7.0000000000000007E-002  0.24999999977801968     
   8.0000000000000002E-002  0.24999999887577365     
   8.9999999999999997E-002  0.24999999481734286     
  0.10000000000000001       0.24999997858566203     
  0.11000000000000000       0.24999992015403666     
  0.12000000000000000       0.24999972892664049     
  0.13000000000000000       0.24999915525043750     
  0.14000000000000001       0.24999756662123698     
  0.14999999999999999       0.24999348160279664     
  0.16000000000000000       0.24998367762046109     
  0.17000000000000001       0.24996161879103138     
  0.17999999999999999       0.24991490623787749     
  0.19000000000000000       0.24982148162814621     
  0.20000000000000001       0.24964446746840244     
  0.20999999999999999       0.24932584349374662     
  0.22000000000000000       0.24877963340659717     
  0.23000000000000001       0.24788583882717852     
  0.23999999999999999       0.24648686147977125     
  0.25000000000000000       0.24438840308401316     
  0.26000000000000001       0.24136663313480303     
  0.27000000000000002       0.23718265685272397     
  0.28000000000000003       0.23160403743117636     
  0.28999999999999998       0.22443154483818617     
  0.29999999999999999       0.21552778091501987     
  0.31000000000000000       0.20484328522160411     
  0.32000000000000001       0.19243550472824705     
  0.33000000000000002       0.17847677137240095     
  0.34000000000000002       0.16324907951698814     
  0.35000000000000003       0.14712565487844242     
  0.35999999999999999       0.13054157054859966     
  0.37000000000000000       0.11395749119618380     
  0.38000000000000000        9.7821630565383885E-002
  0.39000000000000001        8.2535021852761029E-002
  0.40000000000000002        6.8424298594268851E-002
  0.41000000000000003        5.5724637362578329E-002
  0.41999999999999998        4.4573703164963535E-002
  0.42999999999999999        3.5015746505873142E-002
  0.44000000000000000        2.7013723121979309E-002
  0.45000000000000001        2.0466600496595634E-002
  0.46000000000000002        1.5228890874154582E-002
  0.47000000000000003        1.1129803622366543E-002
  0.47999999999999998        7.9900685655488642E-003
  0.48999999999999999        5.6352601304170673E-003
  0.50000000000000000        3.9051910621713810E-003
  0.51000000000000001        2.6595368627431739E-003
  0.52000000000000002        1.7802481457451047E-003
  0.53000000000000003        1.1715072804302877E-003
  0.54000000000000004        7.5802109063681847E-004
  0.55000000000000004        4.8236233523326185E-004
  0.56000000000000005        3.0193025176434733E-004
  0.57000000000000006        1.8593758852427484E-004
  0.57999999999999996        1.1267865902239625E-004
  0.58999999999999997        6.7207335102753172E-005
  0.59999999999999998        3.9461951575486133E-005
  0.60999999999999999        2.2814615474985957E-005
  0.62000000000000000        1.2989892826738884E-005
  0.63000000000000000        7.2851756721048855E-006
  0.64000000000000001        4.0253138278504936E-006
  0.65000000000000002        2.1916278290389465E-006
  0.66000000000000003        1.1760400150598006E-006
  0.67000000000000004        6.2207857561200729E-007
  0.68000000000000005        3.2442517917716529E-007
  0.69000000000000006        1.6684261588639633E-007
  0.70000000000000007        8.4624897370724750E-008
  0.70999999999999996        4.2341112628124705E-008
  0.71999999999999997        2.0901245120348534E-008
  0.72999999999999998        1.0181207385535912E-008
  0.73999999999999999        4.8945606868760003E-009
  0.75000000000000000        2.3226521336671107E-009
  0.76000000000000001        1.0881230248475633E-009
  0.77000000000000002        5.0333975661531353E-010
  0.78000000000000003        2.2993156055335058E-010
  0.79000000000000004        1.0374172806018681E-010
  0.80000000000000004        4.6236831004335066E-011
  0.81000000000000005        2.0359318821876761E-011
  0.82000000000000006        8.8580619856151707E-012
  0.83000000000000007        3.8086667128769891E-012
  0.83999999999999997        1.6185396230689518E-012
  0.84999999999999998        6.7990149425704154E-013
  0.85999999999999999        2.8235534809550041E-013
  0.87000000000000000        1.1593842091426921E-013
  0.88000000000000000        4.7075289279269031E-014
  0.89000000000000001        1.8903609696383758E-014
  0.90000000000000002        7.5081592307447236E-015
  0.91000000000000003        2.9499120405028510E-015
  0.92000000000000004        1.1466224074293654E-015
  0.93000000000000005        4.4097656896228394E-016
  0.94000000000000006        1.6781909826636575E-016
  0.95000000000000007        6.3203944825377542E-017
  0.95999999999999996        2.3559669921409719E-017
  0.96999999999999997        8.6928235200499112E-018
  0.97999999999999998        3.1751392055686451E-018
  0.98999999999999999        1.1482004643934227E-018
   1.0000000000000000        0.0000000000000000     
