   0.0000000000000000       0.25000000000000000     
   2.9999999999999999E-002  0.24157331387509612     
   5.9999999999999998E-002  0.23316165974146899     
   8.9999999999999997E-002  0.22477998919352432     
  0.12000000000000000       0.21644309374815535     
  0.14999999999999999       0.20816552658763313     
  0.17999999999999999       0.19996152641561832     
  0.20999999999999999       0.19184494408967073     
  0.23999999999999999       0.18382917265933515     
  0.27000000000000002       0.17592708139704624     
  0.29999999999999999       0.16815095436037913     
  0.32999999999999996       0.16051243396934217     
  0.35999999999999999       0.15302247002231417     
  0.39000000000000001       0.14569127450979688     
  0.41999999999999998       0.13852828251736138     
  0.44999999999999996       0.13154211943903582     
  0.47999999999999998       0.12474057465094027     
  0.51000000000000001       0.11813058172326352     
  0.54000000000000004       0.11171820517770770     
  0.56999999999999995       0.10550863372828184     
  0.59999999999999998        9.9506179876734435E-002
  0.63000000000000000        9.3714285670835007E-002
  0.65999999999999992        8.8135534374928270E-002
  0.68999999999999995        8.2771667748381267E-002
  0.71999999999999997        7.7623608579308723E-002
  0.75000000000000000        7.2691488078775873E-002
  0.78000000000000003        6.7974677704912112E-002
  0.80999999999999994        6.3471824957268469E-002
  0.83999999999999997        5.9180892659464329E-002
  0.87000000000000000        5.5099201232710893E-002
  0.89999999999999991        5.1223473454094642E-002
  0.92999999999999994        4.7549881191366217E-002
  0.95999999999999996        4.4074093610127762E-002
  0.98999999999999999        4.0791326359385677E-002
   1.0200000000000000        3.7696391256992812E-002
   1.0500000000000000        3.4783746017046036E-002
   1.0800000000000001        3.2047543586276955E-002
   1.1099999999999999        2.9481680685285977E-002
   1.1399999999999999        2.7079845182501006E-002
   1.1699999999999999        2.4835561963366309E-002
   1.2000000000000000        2.2742236993839426E-002
   1.2300000000000000        2.0793199315180422E-002
   1.2600000000000000        1.8981740745639408E-002
   1.2900000000000000        1.7301153103414429E-002
   1.3199999999999998        1.5744762803613810E-002
   1.3499999999999999        1.4305962719419418E-002
   1.3799999999999999        1.2978241233754573E-002
   1.4099999999999999        1.1755208442118331E-002
   1.4399999999999999        1.0630619499512911E-002
   1.4700000000000000        9.5983951342774043E-003
   1.5000000000000000        8.6526393789268241E-003
   1.5300000000000000        7.7876545926083285E-003
   1.5600000000000001        6.9979538714164402E-003
   1.5899999999999999        6.2782709614978283E-003
   1.6199999999999999        5.6235678056124061E-003
   1.6499999999999999        5.0290398666412439E-003
   1.6799999999999999        4.4901193815196916E-003
   1.7100000000000000        4.0024767063431277E-003
   1.7400000000000000        3.5620199180868006E-003
   1.7700000000000000        3.1648928406760313E-003
   1.7999999999999998        2.8074716632291719E-003
   1.8299999999999998        2.4863603163825521E-003
   1.8599999999999999        2.1983847689147906E-003
   1.8899999999999999        1.9405864016392160E-003
   1.9199999999999999        1.7102146089572334E-003
   1.9500000000000000        1.5047187707834808E-003
   1.9800000000000000        1.3217397289846944E-003
   2.0099999999999998        1.1591008932261282E-003
   2.0400000000000000        1.0147990913887683E-003
   2.0699999999999998        8.8699526969127085E-004
   2.1000000000000001        7.7400513748976385E-004
   2.1299999999999999        6.7428984158651728E-004
   2.1600000000000001        5.8644674489169435E-004
   2.1899999999999999        5.0920037456392286E-004
   2.2199999999999998        4.4139359540740220E-004
   2.2500000000000000        3.8197905540557353E-004
   2.2799999999999998        3.3001094189030744E-004
   2.3100000000000001        2.8463707903034208E-004
   2.3399999999999999        2.4509139011053005E-004
   2.3700000000000001        2.1068674148183586E-004
   2.3999999999999999        1.8080817910753888E-004
   2.4299999999999997        1.5490656330519048E-004
   2.4600000000000000        1.3249260258274553E-004
   2.4899999999999998        1.1313128336923328E-004
   2.5200000000000000        9.6436688920509273E-005
   2.5499999999999998        8.2067197710589124E-005
   2.5800000000000001        6.9721049163279369E-005
   2.6099999999999999        5.9132262598821095E-005
   2.6399999999999997        5.0066893729300288E-005
   2.6699999999999999        4.2319611891800113E-005
   2.6999999999999997        3.5710580419595628E-005
   2.7300000000000000        3.0082622079957710E-005
   2.7599999999999998        2.5298651311456144E-005
   2.7900000000000000        2.1239355038060737E-005
   2.8199999999999998        1.7801104083892128E-005
   2.8500000000000001        1.4894077631139035E-005
   2.8799999999999999        1.2440583719769416E-005
   2.9099999999999997        1.0373559455101322E-005
   2.9399999999999999        8.6352353423080341E-006
   2.9699999999999998        7.1759489813638666E-006
   3.0000000000000000        5.9530942119467856E-006
