 0  0.25000000000000000     
   2.9999999999999999E-002  0.24157268703725657     
   5.9999999999999998E-002  0.23316041612978039     
   8.9999999999999997E-002  0.22477814878684008     
  0.12000000000000000       0.21644068614321044     
  0.14999999999999999       0.20816259056093186     
  0.17999999999999999       0.19995810935089992     
  0.20999999999999999       0.19184110128111953     
  0.23999999999999999       0.18382496650256944     
  0.27000000000000002       0.17592258048173356     
  0.29999999999999999       0.16814623247994631     
  0.32999999999999996       0.16050756906442817     
  0.35999999999999999       0.15301754307564441     
  0.39000000000000001       0.14568636841064225     
  0.41999999999999998       0.13852348091405173     
  0.44999999999999996       0.13153750559782415     
  0.47999999999999998       0.12473623033908843     
  0.51000000000000001       0.11812658613340205     
  0.54000000000000004       0.11171463390946407     
  0.56999999999999995       0.10550555784178449     
  0.59999999999999998        9.9503665031010033E-002
  0.63000000000000000        9.3712391358314398E-002
  0.65999999999999992        8.8134313261320013E-002
  0.68999999999999995        8.2771165125110610E-002
  0.71999999999999997        7.7623861933566088E-002
  0.75000000000000000        7.2692526784075950E-002
  0.78000000000000003        6.7976522832924005E-002
  0.80999999999999994        6.3474489209601651E-002
  0.83999999999999997        5.9184380416124449E-002
  0.87000000000000000        5.5103508712129191E-002
  0.89999999999999991        5.1228588977944425E-002
  0.92999999999999994        4.7555785545942419E-002
  0.95999999999999996        4.4080760494804208E-002
  0.98999999999999999        4.0798722911648391E-002
   1.0200000000000000        3.7704478642773286E-002
   1.0500000000000000        3.4792480074546536E-002
   1.0800000000000001        3.2056875511179410E-002
   1.1099999999999999        2.9491557745186185E-002
   1.1399999999999999        2.7090211448575451E-002
   1.1699999999999999        2.4846359047644883E-002
   1.2000000000000000        2.2753404781026283E-002
   1.2300000000000000        2.0804676678685088E-002
   1.2600000000000000        1.8993466238351814E-002
   1.2900000000000000        1.7313065614741673E-002
   1.3199999999999998        1.5756802175366357E-002
   1.3499999999999999        1.4318070314270789E-002
   1.3799999999999999        1.2990360451166307E-002
   1.4099999999999999        1.1767285177808246E-002
   1.4399999999999999        1.0642602545706538E-002
   1.4700000000000000        9.6102365191185063E-003
   1.5000000000000000        8.6642946444992121E-003
   1.5300000000000000        7.7990830120290254E-003
   1.5600000000000001        7.0091186063817321E-003
   1.5899999999999999        6.2891391624860073E-003
   1.6199999999999999        5.6341106576691139E-003
   1.6499999999999999        5.0392325842796267E-003
   1.6799999999999999        4.4999411567637248E-003
   1.7100000000000000        4.0119106143221544E-003
   1.7400000000000000        3.5710527848590557E-003
   1.7700000000000000        3.1735150781174552E-003
   1.7999999999999998        2.8156770758828785E-003
   1.8299999999999998        2.4941458851254917E-003
   1.8599999999999999        2.2057504161722931E-003
   1.8899999999999999        1.9475347426735280E-003
   1.9199999999999999        1.7167506934819079E-003
   1.9500000000000000        1.5108498188210267E-003
   1.9800000000000000        1.3274748644989821E-003
   2.0099999999999998        1.1644508786324188E-003
   2.0400000000000000        1.0197760655813943E-003
   2.0699999999999998        8.9161249173769566E-004
   2.1000000000000001        7.7827673762618436E-004
   2.1299999999999999        6.7823058061986831E-004
   2.1600000000000001        5.9007178256615886E-004
   2.1899999999999999        5.1252504689100584E-004
   2.2199999999999998        4.4443320038473793E-004
   2.2500000000000000        3.8474864595954136E-004
   2.2799999999999998        3.3252512426676129E-004
   2.3100000000000001        2.8690981422085959E-004
   2.3399999999999999        2.4713579522861543E-004
   2.3700000000000001        2.1251488728740221E-004
   2.3999999999999999        1.8243087910266764E-004
   2.4299999999999997        1.5633314897875187E-004
   2.4600000000000000        1.3373067844719665E-004
   2.4899999999999998        1.1418645439133762E-004
   2.5200000000000000        9.7312251778869732E-005
   2.5499999999999998        8.2763785992218610E-005
   2.5800000000000001        7.0236221113400088E-005
   2.6099999999999999        5.9460018335726041E-005
   2.6399999999999997        5.0197106897548743E-005
   2.6699999999999999        4.2237358520290511E-005
   2.6999999999999997        3.5395345241273662E-005
   2.7300000000000000        2.9507359718833670E-005
   2.7599999999999998        2.4428676511499229E-005
   2.7900000000000000        2.0031032455022795E-005
   2.8199999999999998        1.6200304043321963E-005
   2.8500000000000001        1.2834359627031470E-005
   2.8799999999999999        9.8410642443914021E-006
   2.9099999999999997        7.1364149646870272E-006
   2.9399999999999999        4.6427847288492838E-006
   2.9699999999999998        2.2872527929890071E-006
   3.0000000000000000        0.0000000000000000     
