 0  0.25000000000000000     
   1.0000000000000000E-002  0.24851457590479209     
   2.0000000000000000E-002  0.24700829207979377     
   2.9999999999999999E-002  0.24548121591595765     
   4.0000000000000001E-002  0.24393342022369707     
   5.0000000000000003E-002  0.24236498298528850     
   5.9999999999999998E-002  0.24077598709474657     
   7.0000000000000007E-002  0.23916652008525288     
   8.0000000000000002E-002  0.23753667384420066     
   8.9999999999999997E-002  0.23588654431592915     
  0.10000000000000001       0.23421623119224727     
  0.11000000000000000       0.23252583759084280     
  0.12000000000000000       0.23081546972170511     
  0.13000000000000000       0.22908523654168375     
  0.14000000000000001       0.22733524939733951     
  0.14999999999999999       0.22556562165623653     
  0.16000000000000000       0.22377646832685516     
  0.17000000000000001       0.22196790566731481     
  0.17999999999999999       0.22014005078309348     
  0.19000000000000000       0.21829302121396804     
  0.20000000000000001       0.21642693451040457     
  0.20999999999999999       0.21454190779962259     
  0.22000000000000000       0.21263805734160246     
  0.23000000000000001       0.21071549807529019     
  0.23999999999999999       0.20877434315528001     
  0.25000000000000000       0.20681470347927078     
  0.26000000000000001       0.20483668720659343     
  0.27000000000000002       0.20284039926812208     
  0.28000000000000003       0.20082594086790789     
  0.28999999999999998       0.19879340897685965     
  0.29999999999999999       0.19674289581883586     
  0.31000000000000000       0.19467448834949658     
  0.32000000000000001       0.19258826772830273     
  0.33000000000000002       0.19048430878403316     
  0.34000000000000002       0.18836267947422533     
  0.35000000000000003       0.18622344033893504     
  0.35999999999999999       0.18406664394923353     
  0.37000000000000000       0.18189233435087054     
  0.38000000000000000       0.17970054650352796     
  0.39000000000000001       0.17749130571611213     
  0.40000000000000002       0.17526462707853757     
  0.41000000000000003       0.17302051489045639     
  0.41999999999999998       0.17075896208740257     
  0.42999999999999999       0.16847994966482155     
  0.44000000000000000       0.16618344610047853     
  0.45000000000000001       0.16386940677571807     
  0.46000000000000002       0.16153777339608133     
  0.47000000000000003       0.15918847341177017     
  0.47999999999999998       0.15682141943847944     
  0.48999999999999999       0.15443650867908332     
  0.50000000000000000       0.15203362234672241     
  0.51000000000000001       0.14961262508977560     
  0.52000000000000002       0.14717336441926704     
  0.53000000000000003       0.14471567013921854     
  0.54000000000000004       0.14223935378047772     
  0.55000000000000004       0.13974420803855214     
  0.56000000000000005       0.13723000621598477     
  0.57000000000000006       0.13469650166979388     
  0.57999999999999996       0.13214342726451955     
  0.58999999999999997       0.12957049483140151     
  0.59999999999999998       0.12697739463422875     
  0.60999999999999999       0.12436379484238172     
  0.62000000000000000       0.12172934101160565     
  0.63000000000000000       0.11907365557303751     
  0.64000000000000001       0.11639633733101223     
  0.65000000000000002       0.11369696097016947     
  0.66000000000000003       0.11097507657237465     
  0.67000000000000004       0.10823020914397825     
  0.68000000000000005       0.10546185815390420     
  0.69000000000000006       0.10266949708308890     
  0.70000000000000007        9.9852572985748650E-002
  0.70999999999999996        9.7010506062980825E-002
  0.71999999999999997        9.4142689249172073E-002
  0.72999999999999998        9.1248487811691564E-002
  0.73999999999999999        8.8327238964334087E-002
  0.75000000000000000        8.5378251494970456E-002
  0.76000000000000001        8.2400805407855854E-002
  0.77000000000000002        7.9394151581028999E-002
  0.78000000000000003        7.6357511439231654E-002
  0.79000000000000004        7.3290076642766433E-002
  0.80000000000000004        7.0191008792688137E-002
  0.81000000000000005        6.7059439152731687E-002
  0.82000000000000006        6.3894468388344589E-002
  0.83000000000000007        6.0695166323194327E-002
  0.83999999999999997        5.7460571713498748E-002
  0.84999999999999998        5.4189692040516275E-002
  0.85999999999999999        5.0881503321515247E-002
  0.87000000000000000        4.7534949939525749E-002
  0.88000000000000000        4.4148944492166602E-002
  0.89000000000000001        4.0722367659812020E-002
  0.90000000000000002        3.7254068093355179E-002
  0.91000000000000003        3.3742862321805157E-002
  0.92000000000000004        3.0187534679929750E-002
  0.93000000000000005        2.6586837256145055E-002
  0.94000000000000006        2.2939489860828607E-002
  0.95000000000000007        1.9244180015213004E-002
  0.95999999999999996        1.5499562960998329E-002
  0.96999999999999997        1.1704261690797942E-002
  0.97999999999999998        7.8568669995115973E-003
  0.98999999999999999        3.9559375566986911E-003
   1.0000000000000000        0.0000000000000000     
