 0  0.25000000000000000     
   1.0000000000000000E-003  0.24999999999960060     
   2.0000000000000000E-003  0.24999999999907035     
   3.0000000000000001E-003  0.24999999999854011     
   4.0000000000000001E-003  0.24999999999801215     
   5.0000000000000001E-003  0.24999999999748190     
   6.0000000000000001E-003  0.24999999999695166     
   7.0000000000000001E-003  0.24999999999642142     
   8.0000000000000002E-003  0.24999999999589631     
   9.0000000000000011E-003  0.24999999999536607     
   1.0000000000000000E-002  0.24999999999483583     
   1.0999999999999999E-002  0.24999999999430786     
   1.2000000000000000E-002  0.24999999999377762     
   1.3000000000000001E-002  0.24999999999324737     
   1.4000000000000000E-002  0.24999999999271713     
   1.4999999999999999E-002  0.24999999999218916     
   1.6000000000000000E-002  0.24999999999165892     
   1.7000000000000001E-002  0.24999999999112868     
   1.8000000000000002E-002  0.24999999999059844     
   1.9000000000000000E-002  0.24999999999007333     
   2.0000000000000000E-002  0.24999999998954309     
   2.1000000000000001E-002  0.24999999998901284     
   2.1999999999999999E-002  0.24999999998848488     
   2.3000000000000000E-002  0.24999999998795464     
   2.4000000000000000E-002  0.24999999998742439     
   2.5000000000000001E-002  0.24999999998689415     
   2.6000000000000002E-002  0.24999999998636391     
   2.7000000000000000E-002  0.24999999998583594     
   2.8000000000000001E-002  0.24999999998530570     
   2.9000000000000001E-002  0.24999999998477546     
   2.9999999999999999E-002  0.24999999998424521     
   3.1000000000000000E-002  0.24999999998372011     
   3.2000000000000001E-002  0.24999999998318986     
   3.3000000000000002E-002  0.24999999998265962     
   3.4000000000000002E-002  0.24999999998213165     
   3.5000000000000003E-002  0.24999999998160141     
   3.6000000000000004E-002  0.24999999998107117     
   3.6999999999999998E-002  0.24999999998054093     
   3.7999999999999999E-002  0.24999999998001296     
   3.9000000000000000E-002  0.24999999997948272     
   4.0000000000000001E-002  0.24999999997895248     
   4.1000000000000002E-002  0.24999999997842223     
   4.2000000000000003E-002  0.24999999997789712     
   4.3000000000000003E-002  0.24999999997736688     
   4.3999999999999997E-002  0.24999999997683664     
   4.4999999999999998E-002  0.24999999997630867     
   4.5999999999999999E-002  0.24999999997577843     
   4.7000000000000000E-002  0.24999999997524819     
   4.8000000000000001E-002  0.24999999997471795     
   4.9000000000000002E-002  0.24999999997418998     
   5.0000000000000003E-002  0.24999999997365974     
   5.1000000000000004E-002  0.24999999997312949     
   5.2000000000000005E-002  0.24999999997259925     
   5.2999999999999999E-002  0.24999999997206901     
   5.3999999999999999E-002  0.24999999997154390     
   5.5000000000000000E-002  0.24999999997101366     
   5.6000000000000001E-002  0.24999999997048342     
   5.7000000000000002E-002  0.24999999996995545     
   5.8000000000000003E-002  0.24999999996942521     
   5.9000000000000004E-002  0.24999999996889496     
   5.9999999999999998E-002  0.24999999996836472     
   6.0999999999999999E-002  0.24999999996783676     
   6.2000000000000000E-002  0.24999999996730651     
   6.3000000000000000E-002  0.24999999996677627     
   6.4000000000000001E-002  0.24999999996624603     
   6.5000000000000002E-002  0.24999999996572092     
   6.6000000000000003E-002  0.24999999996519068     
   6.7000000000000004E-002  0.24999999996466044     
   6.8000000000000005E-002  0.24999999996413247     
   6.9000000000000006E-002  0.24999999996360223     
   7.0000000000000007E-002  0.24999999996307198     
   7.1000000000000008E-002  0.24999999996254174     
   7.2000000000000008E-002  0.24999999996201663     
   7.2999999999999995E-002  0.24999999996148353     
   7.3999999999999996E-002  0.24999999996095329     
   7.4999999999999997E-002  0.24999999996042305     
   7.5999999999999998E-002  0.24999999995989280     
   7.6999999999999999E-002  0.24999999995936770     
   7.8000000000000000E-002  0.24999999995883745     
   7.9000000000000001E-002  0.24999999995830721     
   8.0000000000000002E-002  0.24999999995777925     
   8.1000000000000003E-002  0.24999999995724900     
   8.2000000000000003E-002  0.24999999995671876     
   8.3000000000000004E-002  0.24999999995618852     
   8.4000000000000005E-002  0.24999999995566055     
   8.5000000000000006E-002  0.24999999995513031     
   8.6000000000000007E-002  0.24999999995460007     
   8.7000000000000008E-002  0.24999999995406982     
   8.7999999999999995E-002  0.24999999995354472     
   8.8999999999999996E-002  0.24999999995301447     
   8.9999999999999997E-002  0.24999999995248423     
   9.0999999999999998E-002  0.24999999995195626     
   9.1999999999999998E-002  0.24999999995142602     
   9.2999999999999999E-002  0.24999999995089578     
   9.4000000000000000E-002  0.24999999995036554     
   9.5000000000000001E-002  0.24999999994984043     
   9.6000000000000002E-002  0.24999999994930733     
   9.7000000000000003E-002  0.24999999994877709     
   9.8000000000000004E-002  0.24999999994824684     
   9.9000000000000005E-002  0.24999999994772173     
  0.10000000000000001       0.24999999994719149     
  0.10100000000000001       0.24999999994666125     
  0.10200000000000001       0.24999999994613101     
  0.10300000000000001       0.24999999994560304     
  0.10400000000000001       0.24999999994507280     
  0.10500000000000000       0.24999999994454256     
  0.10600000000000000       0.24999999994401231     
  0.10700000000000000       0.24999999994348435     
  0.10800000000000000       0.24999999994295410     
  0.10900000000000000       0.24999999994242386     
  0.11000000000000000       0.24999999994189362     
  0.11100000000000000       0.24999999994136851     
  0.11200000000000000       0.24999999994083827     
  0.11300000000000000       0.24999999994030803     
  0.11400000000000000       0.24999999993978006     
  0.11500000000000000       0.24999999993924982     
  0.11600000000000001       0.24999999993871957     
  0.11700000000000001       0.24999999993818933     
  0.11800000000000001       0.24999999993766422     
  0.11900000000000001       0.24999999993713112     
  0.12000000000000000       0.24999999993660088     
  0.12100000000000000       0.24999999993607064     
  0.12200000000000000       0.24999999993554553     
  0.12300000000000000       0.24999999993501529     
  0.12400000000000000       0.24999999993448505     
  0.12500000000000000       0.24999999993395480     
  0.12600000000000000       0.24999999993342684     
  0.12700000000000000       0.24999999993289659     
  0.12800000000000000       0.24999999993236635     
  0.12900000000000000       0.24999999993183611     
  0.13000000000000000       0.24999999993130814     
  0.13100000000000001       0.24999999993077790     
  0.13200000000000001       0.24999999993024766     
  0.13300000000000001       0.24999999992971741     
  0.13400000000000001       0.24999999992919231     
  0.13500000000000001       0.24999999992866206     
  0.13600000000000001       0.24999999992813182     
  0.13700000000000001       0.24999999992760386     
  0.13800000000000001       0.24999999992707361     
  0.13900000000000001       0.24999999992654337     
  0.14000000000000001       0.24999999992601313     
  0.14100000000000001       0.24999999992548802     
  0.14200000000000002       0.24999999992495492     
  0.14300000000000002       0.24999999992442468     
  0.14400000000000002       0.24999999992389443     
  0.14499999999999999       0.24999999992336933     
  0.14599999999999999       0.24999999992283908     
  0.14699999999999999       0.24999999992230884     
  0.14799999999999999       0.24999999992177860     
  0.14899999999999999       0.24999999992125063     
  0.14999999999999999       0.24999999992072039     
  0.15100000000000000       0.24999999992019015     
  0.15200000000000000       0.24999999991965990     
  0.15300000000000000       0.24999999991913480     
  0.15400000000000000       0.24999999991860170     
  0.15500000000000000       0.24999999991807145     
  0.15600000000000000       0.24999999991754121     
  0.15700000000000000       0.24999999991701610     
  0.15800000000000000       0.24999999991648586     
  0.15900000000000000       0.24999999991595562     
  0.16000000000000000       0.24999999991542765     
  0.16100000000000000       0.24999999991489741     
  0.16200000000000001       0.24999999991436717     
  0.16300000000000001       0.24999999991383692     
  0.16400000000000001       0.24999999991331182     
  0.16500000000000001       0.24999999991277871     
  0.16600000000000001       0.24999999991224847     
  0.16700000000000001       0.24999999991171823     
  0.16800000000000001       0.24999999991119312     
  0.16900000000000001       0.24999999991066288     
  0.17000000000000001       0.24999999991013264     
  0.17100000000000001       0.24999999990960239     
  0.17200000000000001       0.24999999990907443     
  0.17300000000000001       0.24999999990854418     
  0.17400000000000002       0.24999999990801394     
  0.17500000000000002       0.24999999990748370     
  0.17599999999999999       0.24999999990695859     
  0.17699999999999999       0.24999999990642549     
  0.17799999999999999       0.24999999990589525     
  0.17899999999999999       0.24999999990536501     
  0.17999999999999999       0.24999999990483990     
  0.18099999999999999       0.24999999990430966     
  0.18200000000000000       0.24999999990377941     
  0.18300000000000000       0.24999999990325145     
  0.18400000000000000       0.24999999990272120     
  0.18500000000000000       0.24999999990219096     
  0.18600000000000000       0.24999999990166072     
  0.18700000000000000       0.24999999990113561     
  0.18800000000000000       0.24999999990060251     
  0.18900000000000000       0.24999999990007227     
  0.19000000000000000       0.24999999989954202     
  0.19100000000000000       0.24999999989901692     
  0.19200000000000000       0.24999999989848667     
  0.19300000000000000       0.24999999989795643     
  0.19400000000000001       0.24999999989742847     
  0.19500000000000001       0.24999999989689822     
  0.19600000000000001       0.24999999989636798     
  0.19700000000000001       0.24999999989583774     
  0.19800000000000001       0.24999999989530750     
  0.19900000000000001       0.24999999989478239     
  0.20000000000000001       0.24999999989424929     
  0.20100000000000001       0.24999999989371904     
  0.20200000000000001       0.24999999989318880     
  0.20300000000000001       0.24999999989266369     
  0.20400000000000001       0.24999999989213345     
  0.20500000000000002       0.24999999989160321     
  0.20600000000000002       0.24999999989107524     
  0.20700000000000002       0.24999999989054500     
  0.20800000000000002       0.24999999989001476     
  0.20899999999999999       0.24999999988948451     
  0.20999999999999999       0.24999999988895941     
  0.21099999999999999       0.24999999988842631     
  0.21199999999999999       0.24999999988789606     
  0.21299999999999999       0.24999999988736582     
  0.21400000000000000       0.24999999988684071     
  0.21500000000000000       0.24999999988631047     
  0.21600000000000000       0.24999999988578023     
  0.21700000000000000       0.24999999988525226     
  0.21800000000000000       0.24999999988472202     
  0.21900000000000000       0.24999999988419178     
  0.22000000000000000       0.24999999988366153     
  0.22100000000000000       0.24999999988313129     
  0.22200000000000000       0.24999999988260618     
  0.22300000000000000       0.24999999988207308     
  0.22400000000000000       0.24999999988154284     
  0.22500000000000001       0.24999999988101260     
  0.22600000000000001       0.24999999988048749     
  0.22700000000000001       0.24999999987995725     
  0.22800000000000001       0.24999999987942700     
  0.22900000000000001       0.24999999987889904     
  0.23000000000000001       0.24999999987836879     
  0.23100000000000001       0.24999999987783855     
  0.23200000000000001       0.24999999987730831     
  0.23300000000000001       0.24999999987678320     
  0.23400000000000001       0.24999999987625296     
  0.23500000000000001       0.24999999987571986     
  0.23600000000000002       0.24999999987518962     
  0.23700000000000002       0.24999999987466451     
  0.23800000000000002       0.24999999987413427     
  0.23900000000000002       0.24999999987360402     
  0.23999999999999999       0.24999999987307606     
  0.24099999999999999       0.24999999987254581     
  0.24199999999999999       0.24999999987201557     
  0.24299999999999999       0.24999999987139923     
  0.24399999999999999       0.24999999986981872     
  0.24500000000000000       0.24999999986679045     
  0.24600000000000000       0.24999999986168997     
  0.24700000000000000       0.24999999985357366     
  0.24800000000000000       0.24999999984113544     
  0.24900000000000000       0.24999999982246990     
  0.25000000000000000       0.24999999979489418     
  0.25100000000000000       0.24999999975459469     
  0.25200000000000000       0.24999999969624004     
  0.25300000000000000       0.24999999961232250     
  0.25400000000000000       0.24999999949238025     
  0.25500000000000000       0.24999999932186462     
  0.25600000000000001       0.24999999908063344     
  0.25700000000000001       0.24999999874091344     
  0.25800000000000001       0.24999999826456901     
  0.25900000000000001       0.24999999759945196     
  0.26000000000000001       0.24999999667453163     
  0.26100000000000001       0.24999999539346798     
  0.26200000000000001       0.24999999362609629     
  0.26300000000000001       0.24999999119729269     
  0.26400000000000001       0.24999998787236838     
  0.26500000000000001       0.24999998333811080     
  0.26600000000000001       0.24999997717814434     
  0.26700000000000002       0.24999996884119191     
  0.26800000000000002       0.24999995760027965     
  0.26900000000000002       0.24999994250058563     
  0.27000000000000002       0.24999992229298718     
  0.27100000000000002       0.24999989534987518     
  0.27200000000000002       0.24999985955885906     
  0.27300000000000002       0.24999981218925837     
  0.27400000000000002       0.24999974972507516     
  0.27500000000000002       0.24999966765703754     
  0.27600000000000002       0.24999956022479972     
  0.27700000000000002       0.24999942009882534     
  0.27800000000000002       0.24999923798963880     
  0.27900000000000003       0.24999900216997545     
  0.28000000000000003       0.24999869789322290     
  0.28100000000000003       0.24999830668882811     
  0.28200000000000003       0.24999780551261408     
  0.28300000000000003       0.24999716572702194     
  0.28400000000000003       0.24999635188292321     
  0.28500000000000003       0.24999532027143209     
  0.28600000000000003       0.24999401721057019     
  0.28700000000000003       0.24999237702811145     
  0.28800000000000003       0.24999031969853164     
  0.28899999999999998       0.24998774808857749     
  0.28999999999999998       0.24998454476297152     
  0.29099999999999998       0.24998056829918236     
  0.29199999999999998       0.24997564905813399     
  0.29299999999999998       0.24996958435661557     
  0.29399999999999998       0.24996213298696759     
  0.29499999999999998       0.24995300903072573     
  0.29599999999999999       0.24994187491546305     
  0.29699999999999999       0.24992833366857797     
  0.29799999999999999       0.24991192032799758     
  0.29899999999999999       0.24989209247860211     
  0.29999999999999999       0.24986821989420424     
  0.30099999999999999       0.24983957327881179     
  0.30199999999999999       0.24980531211774926     
  0.30299999999999999       0.24976447166869484     
  0.30399999999999999       0.24971594914556072     
  0.30499999999999999       0.24965848917380642     
  0.30599999999999999       0.24959066862412874     
  0.30700000000000000       0.24951088096273613     
  0.30800000000000000       0.24941732028953087     
  0.30900000000000000       0.24930796527069604     
  0.31000000000000000       0.24918056320812748     
  0.31100000000000000       0.24903261452479239     
  0.31200000000000000       0.24886135798086667     
  0.31300000000000000       0.24866375697003221     
  0.31400000000000000       0.24843648727694476     
  0.31500000000000000       0.24817592670484620     
  0.31600000000000000       0.24787814700511360     
  0.31700000000000000       0.24753890855686483     
  0.31800000000000000       0.24715365825354055     
  0.31900000000000001       0.24671753105322930     
  0.32000000000000001       0.24622535563923498     
  0.32100000000000001       0.24567166461619708     
  0.32200000000000001       0.24505070963393852     
  0.32300000000000001       0.24435648178566674     
  0.32400000000000001       0.24358273756895263     
  0.32500000000000001       0.24272303062687919     
  0.32600000000000001       0.24177074940348817     
  0.32700000000000001       0.24071916075283253     
  0.32800000000000001       0.23956145943559173     
  0.32900000000000001       0.23829082332319265     
  0.33000000000000002       0.23690047400825198     
  0.33100000000000002       0.23538374239447823     
  0.33200000000000002       0.23373413871163995     
  0.33300000000000002       0.23194542627435016     
  0.33400000000000002       0.23001169818082925     
  0.33500000000000002       0.22792745603242176     
  0.33600000000000002       0.22568768964981684     
  0.33700000000000002       0.22328795667105930     
  0.33800000000000002       0.22072446084238231     
  0.33900000000000002       0.21799412775880544     
  0.34000000000000002       0.21509467677948915     
  0.34100000000000003       0.21202468783540476     
  0.34200000000000003       0.20878366186529726     
  0.34300000000000003       0.20537207366111693     
  0.34400000000000003       0.20179141597653477     
  0.34500000000000003       0.19804423385115372     
  0.34600000000000003       0.19413414822768624     
  0.34700000000000003       0.19006586808766615     
  0.34800000000000003       0.18584519050077164     
  0.34900000000000003       0.18147898817034122     
  0.35000000000000003       0.17697518425943551     
  0.35100000000000003       0.17234271449371924     
  0.35199999999999998       0.16759147675474806     
  0.35299999999999998       0.16273226859533213     
  0.35399999999999998       0.15777671332248411     
  0.35499999999999998       0.15273717549815788     
  0.35599999999999998       0.14762666689875459     
  0.35699999999999998       0.14245874414687679     
  0.35799999999999998       0.13724739937899777     
  0.35899999999999999       0.13200694543693048     
  0.35999999999999999       0.12675189716675478     
  0.36099999999999999       0.12149685047361838     
  0.36199999999999999       0.11625636081365470     
  0.36299999999999999       0.11104482280421024     
  0.36399999999999999       0.10587635260125679     
  0.36499999999999999       0.10076467462910418     
  0.36599999999999999        9.5723014154273200E-002
  0.36699999999999999        9.0763997075168051E-002
  0.36799999999999999        8.5899558155029490E-002
  0.36899999999999999        8.1140858761340598E-002
  0.37000000000000000        7.6498214994353039E-002
  0.37100000000000000        7.1981036895101463E-002
  0.37200000000000000        6.7597779223640214E-002
  0.37300000000000000        6.3355904095791254E-002
  0.37400000000000000        5.9261855565933670E-002
  0.37500000000000000        5.5321046048449118E-002
  0.37600000000000000        5.1537854285332682E-002
  0.37700000000000000        4.7915634395697709E-002
  0.37800000000000000        4.4456735387484063E-002
  0.37900000000000000        4.1162530375136890E-002
  0.38000000000000000        3.8033454631294317E-002
  0.38100000000000001        3.5069051506935470E-002
  0.38200000000000001        3.2268025183756884E-002
  0.38300000000000001        2.9628299174922591E-002
  0.38400000000000001        2.7147079465372217E-002
  0.38500000000000001        2.4820921179671385E-002
  0.38600000000000001        2.2645797682638177E-002
  0.38700000000000001        2.0617171053891877E-002
  0.38800000000000001        1.8730062930046192E-002
  0.38900000000000001        1.6979124775192367E-002
  0.39000000000000001        1.5358706719161046E-002
  0.39100000000000001        1.3862924191273865E-002
  0.39200000000000002        1.2485721672339602E-002
  0.39300000000000002        1.1220932987042735E-002
  0.39400000000000002        1.0062337660199190E-002
  0.39500000000000002        9.0037129614073137E-003
  0.39600000000000002        8.0388813613782757E-003
  0.39700000000000002        7.1617532178923507E-003
  0.39800000000000002        6.3663645983880841E-003
  0.39900000000000002        5.6469102283742715E-003
  0.40000000000000002        4.9977716292025675E-003
  0.40100000000000002        4.4135405745367434E-003
  0.40200000000000002        3.8890380516700320E-003
  0.40300000000000002        3.4193289614780444E-003
  0.40400000000000003        2.9997328292924188E-003
  0.40500000000000003        2.6258308285653817E-003
  0.40600000000000003        2.2934694402749383E-003
  0.40700000000000003        1.9987610841490839E-003
  0.40800000000000003        1.7380820636159308E-003
  0.40900000000000003        1.5080681656663992E-003
  0.41000000000000003        1.3056082503425353E-003
  0.41100000000000003        1.1278361531669424E-003
  0.41200000000000003        9.7212120833853615E-004
  0.41300000000000003        8.3605768175561872E-004
  0.41400000000000003        7.1745338167165224E-004
  0.41500000000000004        6.1431769177821237E-004
  0.41600000000000004        5.2484924741954837E-004
  0.41699999999999998        4.4742345108180436E-004
  0.41799999999999998        3.8057999880428405E-004
  0.41899999999999998        3.2301056518785381E-004
  0.41999999999999998        2.7354677161257608E-004
  0.42099999999999999        2.3114854043086857E-004
  0.42199999999999999        1.9489291751345860E-004
  0.42299999999999999        1.6396342676525271E-004
  0.42399999999999999        1.3764000320931030E-004
  0.42499999999999999        1.1528953601750077E-004
  0.42599999999999999        9.6357039457719047E-005
  0.42699999999999999        8.0357458100644566E-005
  0.42799999999999999        6.6868102722440591E-005
  0.42899999999999999        5.5521705065287241E-005
  0.42999999999999999        4.6000072866984798E-005
  0.43099999999999999        3.8028321221703610E-005
  0.43200000000000000        3.1369652254552484E-005
  0.43300000000000000        2.5820652147095664E-005
  0.43400000000000000        2.1207072602423468E-005
  0.43500000000000000        1.7380062752828385E-005
  0.43600000000000000        1.4212817161786626E-005
  0.43700000000000000        1.1597605833212840E-005
  0.43800000000000000        9.4431529021756087E-006
  0.43900000000000000        7.6723318394645071E-006
  0.44000000000000000        6.2201464650883314E-006
  0.44100000000000000        5.0319687509781577E-006
  0.44200000000000000        4.0620062294570504E-006
  0.44300000000000000        3.2719737501490787E-006
  0.44400000000000001        2.6299462923323467E-006
  0.44500000000000001        2.1093714996671826E-006
  0.44600000000000001        1.6882225253707377E-006
  0.44700000000000001        1.3482736312754939E-006
  0.44800000000000001        1.0744827534070074E-006
  0.44900000000000001        8.5446691507621558E-007
  0.45000000000000001        6.7805792626863011E-007
  0.45100000000000001        5.3692724974784089E-007
  0.45200000000000001        4.2427023763914167E-007
  0.45300000000000001        3.3454114797322694E-007
  0.45400000000000001        2.6323144160932495E-007
  0.45500000000000002        2.0668484065954634E-007
  0.45600000000000002        1.6194350577636752E-007
  0.45700000000000002        1.2662046806116103E-007
  0.45800000000000002        9.8794139044707410E-008
  0.45900000000000002        7.6921326576510948E-008
  0.46000000000000002        5.9765712971522393E-008
  0.46100000000000002        4.6339211703363553E-008
  0.46200000000000002        3.5854017343072061E-008
  0.46300000000000002        2.7683507007110196E-008
  0.46400000000000002        2.1330446562016511E-008
  0.46500000000000002        1.6401207038102228E-008
  0.46600000000000003        1.2584911451192036E-008
  0.46700000000000003        9.6366143531695452E-009
  0.46800000000000003        7.3637702838113560E-009
  0.46900000000000003        5.6153767716718164E-009
  0.47000000000000003        4.2732860870994928E-009
  0.47100000000000003        3.2452706339650642E-009
  0.47200000000000003        2.4595023496844607E-009
  0.47300000000000003        1.8601690929587780E-009
  0.47400000000000003        1.4040027516051853E-009
  0.47500000000000003        1.0575364364550084E-009
  0.47600000000000003        7.9494313121833254E-010
  0.47700000000000004        5.9633681337502520E-010
  0.47800000000000004        4.4644042673243590E-010
  0.47900000000000004        3.3354408447801317E-010
  0.47999999999999998        2.4869227999606698E-010
  0.48099999999999998        1.8505132464963926E-010
  0.48199999999999998        1.3741825390586826E-010
  0.48299999999999998        1.0184049169212739E-010
  0.48399999999999999        7.5322006979947223E-011
  0.48499999999999999        5.5596840806885192E-011
  0.48599999999999999        4.0954976412668635E-011
  0.48699999999999999        3.0108774624371336E-011
  0.48799999999999999        2.2090768043272870E-011
  0.48899999999999999        1.6175636643306958E-011
  0.48999999999999999        1.1820783959247139E-011
  0.49099999999999999        8.6211857894424672E-012
  0.49199999999999999        6.2751635776247157E-012
  0.49299999999999999        4.5584995386084731E-012
  0.49399999999999999        3.3049058308337861E-012
  0.49500000000000000        2.3913220335837929E-012
  0.49600000000000000        1.7268727397292466E-012
  0.49700000000000000        1.2445930832575876E-012
  0.49800000000000000        8.9524251827408788E-013
  0.49900000000000000        6.4269033713489614E-013
  0.50000000000000000        4.6048138312757666E-013
  0.50100000000000000        3.2928587427203405E-013
  0.50200000000000000        2.3500998867153949E-013
  0.50300000000000000        1.6739913764625621E-013
  0.50400000000000000        1.1900775433973172E-013
  0.50500000000000000        8.4441108449705627E-014
  0.50600000000000001        5.9798554088892119E-014
  0.50700000000000001        4.2265596276786910E-014
  0.50800000000000001        2.9815654211948188E-014
  0.50900000000000001        2.0992500591836762E-014
  0.51000000000000001        1.4751899802319493E-014
  0.51100000000000001        1.0346587626500624E-014
  0.51200000000000001        7.2429116560030774E-015
  0.51300000000000001        5.0605480129806408E-015
  0.51400000000000001        3.5290001327878470E-015
  0.51500000000000001        2.4562751232822647E-015
  0.51600000000000001        1.7063770395851997E-015
  0.51700000000000002        1.1831698179665567E-015
  0.51800000000000002        8.1883179709727222E-016
  0.51900000000000002        5.6561287023166992E-016
  0.52000000000000002        3.8996197987873499E-016
  0.52100000000000002        2.6835214971789409E-016
  0.52200000000000002        1.8431859224738912E-016
  0.52300000000000002        1.2636182439638115E-016
  0.52400000000000002        8.6466270350891133E-017
  0.52500000000000002        5.9055870793873952E-017
  0.52600000000000002        4.0259312497528900E-017
  0.52700000000000002        2.7394158604669625E-017
  0.52800000000000002        1.8605413181302632E-017
  0.52900000000000003        1.2612808940641874E-017
  0.53000000000000003        8.5344759650183141E-018
  0.53100000000000003        5.7641575587070259E-018
  0.53200000000000003        3.8858869472469196E-018
  0.53300000000000003        2.6148164205014119E-018
  0.53400000000000003        1.7562662523435844E-018
  0.53500000000000003        1.1774405874343911E-018
  0.53600000000000003        7.8793160562229085E-019
  0.53700000000000003        5.2630838539116049E-019
  0.53800000000000003        3.5090994724145468E-019
  0.53900000000000003        2.3353719526277143E-019
  0.54000000000000004        1.5513964647983683E-019
  0.54100000000000004        1.0287201665232288E-019
  0.54200000000000004        6.8089600680765559E-020
  0.54300000000000004        4.4985728044838246E-020
  0.54400000000000004        2.9667469460175620E-020
  0.54500000000000004        1.9529871549648764E-020
  0.54600000000000004        1.2833134523281223E-020
  0.54700000000000004        8.4174767341675744E-021
  0.54800000000000004        5.5112264753484791E-021
  0.54900000000000004        3.6019118563043379E-021
  0.55000000000000004        2.3498369218439401E-021
  0.55100000000000005        1.5302539615142791E-021
  0.55200000000000005        9.9474501479321638E-022
  0.55300000000000005        6.4548152981332008E-022
  0.55400000000000005        4.1810077579724162E-022
  0.55500000000000005        2.7033641185143470E-022
  0.55600000000000005        1.7448409442158480E-022
  0.55700000000000005        1.1241808284462395E-022
  0.55800000000000005        7.2301422089694473E-023
  0.55900000000000005        4.6418289888654575E-023
  0.56000000000000005        2.9748451214440313E-023
  0.56100000000000005        1.9031534276570227E-023
  0.56200000000000006        1.2153986454272482E-023
  0.56300000000000006        7.7481939532452915E-024
  0.56400000000000006        4.9308329354312656E-024
  0.56500000000000006        3.1324160374636438E-024
  0.56600000000000006        1.9864571828899989E-024
  0.56700000000000006        1.2575372743505334E-024
  0.56800000000000006        7.9470451340203011E-025
  0.56900000000000006        5.0134294668098586E-025
  0.57000000000000006        3.1572561281531643E-025
  0.57100000000000006        1.9848680981095598E-025
  0.57200000000000006        1.2456661732948945E-025
  0.57300000000000006        7.8040693800382333E-026
  0.57400000000000007        4.8808026528007498E-026
  0.57500000000000007        3.0472865245091052E-026
  0.57600000000000007        1.8992777858069101E-026
  0.57699999999999996        1.1817294934189388E-026
  0.57799999999999996        7.3401220229342089E-027
  0.57899999999999996        4.5514034122684108E-027
  0.57999999999999996        2.8173801559856729E-027
  0.58099999999999996        1.7410244152589956E-027
  0.58199999999999996        1.0740506881342907E-027
  0.58299999999999996        6.6146430489767061E-028
  0.58399999999999996        4.0667827891612374E-028
  0.58499999999999996        2.4960867538268870E-028
  0.58599999999999997        1.5294444629632148E-028
  0.58699999999999997        9.3556568444817266E-029
  0.58799999999999997        5.7132415837452432E-029
  0.58899999999999997        3.4830508709628738E-029
  0.58999999999999997        2.1198598999599562E-029
  0.59099999999999997        1.2880294719189373E-029
  0.59199999999999997        7.8129837616867493E-030
  0.59299999999999997        4.7313132429258219E-030
  0.59399999999999997        2.8603640868297181E-030
  0.59499999999999997        1.7263821509765916E-030
  0.59599999999999997        1.0402308563433925E-030
  0.59699999999999998        6.2575001156140281E-031
  0.59799999999999998        3.7579543609017945E-031
  0.59899999999999998        2.2531120784682828E-031
  0.59999999999999998        1.3486395889311766E-031
  0.60099999999999998        8.0592008278672430E-032
  0.60199999999999998        4.8080853235271318E-032
  0.60299999999999998        2.8637665536733174E-032
  0.60399999999999998        1.7029012314310098E-032
  0.60499999999999998        1.0109480644223924E-032
  0.60599999999999998        5.9917944206790449E-033
  0.60699999999999998        3.5454777860768924E-033
  0.60799999999999998        2.0945154431697761E-033
  0.60899999999999999        1.2353340830415933E-033
  0.60999999999999999        7.2740865069344452E-034
  0.61099999999999999        4.2762865456716218E-034
  0.61199999999999999        2.5098660883255436E-034
  0.61299999999999999        1.4707228152022017E-034
  0.61399999999999999        8.6041652848905743E-035
  0.61499999999999999        5.0255708628856854E-035
  0.61599999999999999        2.9306361468912170E-035
  0.61699999999999999        1.7062369644316978E-035
  0.61799999999999999        9.9178795743277029E-036
  0.61899999999999999        5.7557437122823902E-036
  0.62000000000000000        3.3349420172676775E-036
  0.62100000000000000        1.9292141411044284E-036
  0.62200000000000000        1.1142405994329972E-036
  0.62300000000000000        6.4251754939010946E-037
  0.62400000000000000        3.6991297133572337E-037
  0.62500000000000000        2.1262961446133545E-037
  0.62600000000000000        1.2202775994190137E-037
  0.62700000000000000        6.9920623189423995E-038
  0.62800000000000000        4.0000440218351983E-038
  0.62900000000000000        2.2847471400131937E-038
  0.63000000000000000        1.3029461399912563E-038
  0.63100000000000001        7.4187509250867838E-039
  0.63200000000000001        4.2174716860588653E-039
  0.63300000000000001        2.3938209799134232E-039
  0.63400000000000001        1.3565953276577430E-039
  0.63500000000000001        7.6758974422709109E-040
  0.63600000000000001        4.3363991362092563E-040
  0.63700000000000001        2.4459727363163591E-040
  0.63800000000000001        1.3775180121376960E-040
  0.63900000000000001        7.7458182821357598E-041
  0.64000000000000001        4.3487325026191505E-041
  0.64100000000000001        2.4377237174506586E-041
  0.64200000000000002        1.3643748092142594E-041
  0.64300000000000002        7.6244995498223437E-042
  0.64400000000000002        4.2542053777570614E-042
  0.64500000000000002        2.3700419544454782E-042
  0.64600000000000002        1.3183329278996137E-042
  0.64700000000000002        7.3219482913156741E-043
  0.64800000000000002        4.0603335662214509E-043
  0.64900000000000002        2.2481809832396976E-043
  0.65000000000000002        1.2429003976188566E-043
  0.65100000000000002        6.8608493232886758E-044
  0.65200000000000002        3.7814375098035417E-044
  0.65300000000000002        2.0810113901719374E-044
  0.65400000000000003        1.1434875971200551E-044
  0.65500000000000003        6.2737746767758119E-045
  0.65600000000000003        3.4369072788060685E-045
  0.65700000000000003        1.8799622793204042E-045
  0.65800000000000003        1.0267716122719943E-045
  0.65900000000000003        5.5994186986876896E-046
  0.66000000000000003        3.0489996752561968E-046
  0.66100000000000003        1.6577465270483060E-046
  0.66200000000000003        8.9996611013266823E-047
  0.66300000000000003        4.8784564049217130E-047
  0.66400000000000003        2.6405105444668423E-047
  0.66500000000000004        1.4270643174557285E-047
  0.66600000000000004        7.7010564521992607E-048
  0.66700000000000004        4.1496277441716161E-048
  0.66800000000000004        2.2326517784061611E-048
  0.66900000000000004        1.1994628898908498E-048
  0.67000000000000004        6.4343925672521598E-049
  0.67100000000000004        3.4465465541491932E-049
  0.67200000000000004        1.8433913311382437E-049
  0.67300000000000004        9.8448400892658123E-050
  0.67400000000000004        5.2499898022835111E-050
  0.67500000000000004        2.7955537922321286E-050
  0.67600000000000005        1.4864071174864097E-050
  0.67700000000000005        7.8916743350527685E-051
  0.67800000000000005        4.1837229141694983E-051
  0.67900000000000005        2.2147258463393662E-051
  0.68000000000000005        1.1706882374715810E-051
  0.68100000000000005        6.1791348414644264E-052
  0.68200000000000005        3.2567178991364957E-052
  0.68300000000000005        1.7139556177192834E-052
  0.68400000000000005        9.0071391804935638E-053
  0.68500000000000005        4.7265358118125833E-053
  0.68600000000000005        2.4766732483637215E-053
  0.68700000000000006        1.2958808023579498E-053
  0.68800000000000006        6.7706892310683865E-054
  0.68900000000000006        3.5324260817045217E-054
  0.69000000000000006        1.8402912310151328E-054
  0.69100000000000006        9.5735761028711366E-055
  0.69200000000000006        4.9732109761908518E-055
  0.69300000000000006        2.5797374712085511E-055
  0.69400000000000006        1.3362599850480668E-055
  0.69500000000000006        6.9116879099623373E-056
  0.69600000000000006        3.5698984342877852E-056
  0.69700000000000006        1.8412258436176019E-056
  0.69800000000000006        9.4828438547891698E-057
  0.69900000000000007        4.8769841576110704E-057
  0.70000000000000007        2.5046449352730971E-057
  0.70100000000000007        1.2844699135436188E-057
  0.70200000000000007        6.5778734605868419E-058
  0.70300000000000007        3.3638123923432606E-058
  0.70399999999999996        1.7177642150985757E-058
  0.70499999999999996        8.7595486230012111E-059
  0.70599999999999996        4.4605370544913008E-059
  0.70699999999999996        2.2681965004684011E-059
  0.70799999999999996        1.1517630786780114E-059
  0.70899999999999996        5.8403036790521605E-060
  0.70999999999999996        2.9573202314821511E-060
  0.71099999999999997        1.4953841413572466E-060
  0.71199999999999997        7.5509139406013832E-061
  0.71299999999999997        3.8074958963966808E-061
  0.71399999999999997        1.9172263018223487E-061
  0.71499999999999997        9.6405577145652957E-062
  0.71599999999999997        4.8409056568760150E-062
  0.71699999999999997        2.4274348848673974E-062
  0.71799999999999997        1.2155306038754651E-062
  0.71899999999999997        6.0783033637946062E-063
  0.71999999999999997        3.0352735320442374E-063
  0.72099999999999997        1.5136069365003656E-063
  0.72199999999999998        7.5375293279510823E-064
  0.72299999999999998        3.7484037987771033E-064
  0.72399999999999998        1.8615126332973948E-064
  0.72499999999999998        9.2318488234413236E-065
  0.72599999999999998        4.5720952440240191E-065
  0.72699999999999998        2.2612394381092837E-065
  0.72799999999999998        1.1168204004197442E-065
  0.72899999999999998        5.5084122413047390E-066
  0.72999999999999998        2.7131677301799443E-066
  0.73099999999999998        1.3345497360407614E-066
  0.73199999999999998        6.5554362036052093E-067
  0.73299999999999998        3.2157178321681206E-067
  0.73399999999999999        1.5753047190102971E-067
  0.73499999999999999        7.7065909390408807E-068
  0.73599999999999999        3.7650602002540392E-068
  0.73699999999999999        1.8369367941799459E-068
  0.73799999999999999        8.9501426926438912E-069
  0.73899999999999999        4.3549176476743302E-069
  0.73999999999999999        2.1161427338024500E-069
  0.74099999999999999        1.0268943661479699E-069
  0.74199999999999999        4.9764903431257942E-070
  0.74299999999999999        2.4084515637053630E-070
  0.74399999999999999        1.1640477558996785E-070
  0.74500000000000000        5.6185284098438435E-071
  0.74600000000000000        2.7082829535167736E-071
  0.74700000000000000        1.3037248112826262E-071
  0.74800000000000000        6.2675676519762531E-072
  0.74900000000000000        3.0090825291550573E-072
  0.75000000000000000        1.4427527099604936E-072
  0.75100000000000000        6.9083318136872525E-073
  0.75200000000000000        3.3035335956847147E-073
  0.75300000000000000        1.5776449480900423E-073
  0.75400000000000000        7.5242908179979120E-074
  0.75500000000000000        3.5838381261544832E-074
  0.75600000000000001        1.7047412047395912E-074
  0.75700000000000001        8.0983499641218691E-075
  0.75800000000000001        3.8420532330889495E-075
  0.75900000000000001        1.8203701895439840E-075
  0.76000000000000001        8.6136316141761296E-076
  0.76100000000000001        4.0704634172944556E-076
  0.76200000000000001        1.9210255422920691E-076
  0.76300000000000001        9.0543000220631567E-077
  0.76400000000000001        4.2619643848799436E-077
  0.76500000000000001        2.0035430463480733E-077
  0.76600000000000001        9.4063730151466985E-078
  0.76700000000000002        4.4104317231696781E-078
  0.76800000000000002        2.0652666125494744E-078
  0.76900000000000002        9.6584622240820770E-079
  0.77000000000000002        4.5110476145782457E-079
  0.77100000000000002        2.1041908272948725E-079
  0.77200000000000002        9.8023869329250935E-080
  0.77300000000000002        4.5605611685413619E-080
  0.77400000000000002        2.1190693514315900E-080
  0.77500000000000002        9.8336152450247492E-081
  0.77600000000000002        4.5574627010453042E-081
  0.77700000000000002        2.1094809847909089E-081
  0.77800000000000002        9.7514993715887189E-082
  0.77900000000000003        4.5020589487758173E-082
  0.78000000000000003        2.0758485320353042E-082
  0.78100000000000003        9.5592881593900461E-083
  0.78200000000000003        4.3964441042321448E-083
  0.78300000000000003        2.0194093826030337E-083
  0.78400000000000003        9.2639178171643819E-084
  0.78500000000000003        4.2443698892888759E-084
  0.78600000000000003        1.9421405629253728E-084
  0.78700000000000003        8.8755993451796292E-085
  0.78800000000000003        4.0510257951999304E-085
  0.78900000000000003        1.8466445415677968E-085
  0.79000000000000004        8.4072366494769870E-086
  0.79100000000000004        3.8227473180915636E-086
  0.79200000000000004        1.7360049214566019E-086
  0.79300000000000004        7.8737212398016895E-087
  0.79400000000000004        3.5666748804417705E-087
  0.79500000000000004        1.6136230779589255E-087
  0.79600000000000004        7.2911567273772884E-088
  0.79700000000000004        3.2903887501526385E-088
  0.79800000000000004        1.4830476514704372E-088
  0.79900000000000004        6.6760685712080988E-089
  0.80000000000000004        3.0015455156424958E-089
  0.80100000000000005        1.3478085583074327E-089
  0.80200000000000005        6.0446517692949732E-090
  0.80300000000000005        2.7075396810179788E-090
  0.80400000000000005        1.2112659443649704E-090
  0.80500000000000005        5.4121020872622903E-091
  0.80600000000000005        2.4152100756095404E-091
  0.80700000000000005        1.0764824720869089E-091
  0.80800000000000005        4.7920660123605999E-092
  0.80900000000000005        2.1306055635734435E-092
  0.81000000000000005        9.4612477043004299E-093
  0.81100000000000005        4.1962322244220642E-093
  0.81200000000000006        1.8588186209745855E-093
  0.81300000000000006        8.2239708742142760E-094
  0.81400000000000006        3.6340743759560748E-094
  0.81500000000000006        1.6038893588061916E-094
  0.81600000000000006        7.0700745571287749E-095
  0.81700000000000006        3.1127426705759321E-095
  0.81800000000000006        1.3687770847675946E-095
  0.81900000000000006        6.0116426311022981E-096
  0.82000000000000006        2.6370911931083254E-096
  0.82100000000000006        1.1553919651245480E-096
  0.82200000000000006        5.0559919837607843E-097
  0.82300000000000006        2.2098199247344497E-097
  0.82400000000000007        9.6467606282937951E-098
  0.82500000000000007        4.2061122707367509E-098
  0.82600000000000007        1.8317052576675364E-098
  0.82700000000000007        7.9672111180239376E-099
  0.82800000000000007        3.4612557417031744E-099
  0.82900000000000007        1.5018906374857494E-099
  0.83000000000000007        6.5090980410881213E-100
  0.83100000000000007        2.8176161112285032E-100
  0.83200000000000007        1.2182094357206172E-100
  0.83299999999999996        5.2606795154444335E-101
  0.83399999999999996        2.2690397249844662E-101
  0.83499999999999996        9.7751479584146117E-102
  0.83599999999999997        4.2061638115983595E-102
  0.83699999999999997        1.8077203327253710E-102
  0.83799999999999997        7.7599537742260387E-103
  0.83899999999999997        3.3271353498065352E-103
  0.83999999999999997        1.4248392059989656E-103
  0.84099999999999997        6.0946098297830926E-104
  0.84199999999999997        2.6038216256516402E-104
  0.84299999999999997        1.1111237449854909E-104
  0.84399999999999997        4.7358736791313842E-105
  0.84499999999999997        2.0161594546779115E-105
  0.84599999999999997        8.5730889855443416E-106
  0.84699999999999998        3.6411458471117157E-106
  0.84799999999999998        1.5446415276093513E-106
  0.84899999999999998        6.5449574022506908E-107
  0.84999999999999998        2.7699761176056516E-107
  0.85099999999999998        1.1709433996970873E-107
  0.85199999999999998        4.9440978001613089E-108
  0.85299999999999998        2.0851152635367473E-108
  0.85399999999999998        8.7834581681358495E-109
  0.85499999999999998        3.6956773848279154E-109
  0.85599999999999998        1.5531600137291568E-109
  0.85699999999999998        6.5197744321474800E-110
  0.85799999999999998        2.7336552685592626E-110
  0.85899999999999999        1.1448545462604061E-110
  0.85999999999999999        4.7890884008211937E-111
  0.86099999999999999        2.0010223981076263E-111
  0.86199999999999999        8.3511864909176301E-112
  0.86299999999999999        3.4813054445025484E-112
  0.86399999999999999        1.4495539020854764E-112
  0.86499999999999999        6.0287250647824221E-113
  0.86599999999999999        2.5044711447720611E-113
  0.86699999999999999        1.0392178654747337E-113
  0.86799999999999999        4.3072270612213187E-114
  0.86899999999999999        1.7831590878317015E-114
  0.87000000000000000        7.3736776453911418E-115
  0.87100000000000000        3.0456535830267964E-115
  0.87200000000000000        1.2565498691574699E-115
  0.87300000000000000        5.1782425372803116E-116
  0.87400000000000000        2.1315182007429595E-116
  0.87500000000000000        8.7639575455658311E-117
  0.87600000000000000        3.5992880899063213E-117
  0.87700000000000000        1.4765176374416450E-117
  0.87800000000000000        6.0501607551649142E-118
  0.87900000000000000        2.4762927892692596E-118
  0.88000000000000000        1.0123820420412215E-118
  0.88100000000000001        4.1342314818568614E-119
  0.88200000000000001        1.6863729152690510E-119
  0.88300000000000001        6.8710241078722381E-120
  0.88400000000000001        2.7963974909186771E-120
  0.88500000000000001        1.1368062794043082E-120
  0.88600000000000001        4.6162009107148341E-121
  0.88700000000000001        1.8723807516052290E-121
  0.88800000000000001        7.5860448812241186E-122
  0.88900000000000001        3.0700748808712981E-122
  0.89000000000000001        1.2410674757407398E-122
  0.89100000000000001        5.0113557018319292E-123
  0.89200000000000002        2.0212918127608917E-123
  0.89300000000000002        8.1436161935130959E-124
  0.89400000000000002        3.2773333023446851E-124
  0.89500000000000002        1.3174662457395589E-124
  0.89600000000000002        5.2902292613851302E-125
  0.89700000000000002        2.1219059777734659E-125
  0.89800000000000002        8.5014882977779777E-126
  0.89900000000000002        3.4023697056312864E-126
  0.90000000000000002        1.3601483960764217E-126
  0.90100000000000002        5.4313759637858714E-127
  0.90200000000000002        2.1664703534808667E-127
  0.90300000000000002        8.6320803954612414E-128
  0.90400000000000003        3.4355681885558779E-128
  0.90500000000000003        1.3658486143655856E-128
  0.90600000000000003        5.4241036956992803E-129
  0.90700000000000003        2.1516684374515214E-129
  0.90800000000000003        8.5259972330029611E-130
  0.90900000000000003        3.3747221383527555E-130
  0.91000000000000003        1.3343027167129823E-130
  0.91100000000000003        5.2698075715647938E-131
  0.91200000000000003        2.0790249457499640E-131
  0.91300000000000003        8.1931275917082104E-132
  0.91400000000000003        3.2252644351770445E-132
  0.91500000000000004        1.2682563479368329E-132
  0.91600000000000004        4.9816749212742260E-133
  0.91700000000000004        1.9546583541086515E-133
  0.91800000000000004        7.6611503337408026E-134
  0.91900000000000004        2.9994751578845959E-134
  0.92000000000000004        1.1730735025410722E-134
  0.92100000000000004        4.5828364724710626E-135
  0.92200000000000004        1.7884351002307093E-135
  0.92300000000000004        6.9717564061929036E-136
  0.92400000000000004        2.7148255359000790E-136
  0.92500000000000004        1.0560217260587339E-136
  0.92600000000000005        4.1033209862682305E-137
  0.92700000000000005        1.5926866612602677E-137
  0.92800000000000005        6.1752978478389763E-138
  0.92900000000000005        2.3917660207847776E-138
  0.93000000000000005        9.2536525607803055E-139
  0.93100000000000005        3.5763655354610702E-139
  0.93200000000000005        1.3807190731276775E-139
  0.93300000000000005        5.3248080311850777E-140
  0.93400000000000005        2.0513430284514634E-140
  0.93500000000000005        7.8942126674720296E-141
  0.93600000000000005        3.0347019602513905E-141
  0.93700000000000006        1.1653609245455192E-141
  0.93800000000000006        4.4703603544343960E-142
  0.93900000000000006        1.7130213619174480E-142
  0.94000000000000006        6.5572490464861372E-143
  0.94100000000000006        2.5073774778442714E-143
  0.94200000000000006        9.5776153609575581E-144
  0.94300000000000006        3.6545606874611213E-144
  0.94400000000000006        1.3930078538360720E-144
  0.94500000000000006        5.3041162793281107E-145
  0.94600000000000006        2.0175024701610341E-145
  0.94700000000000006        7.6657943365427998E-146
  0.94800000000000006        2.9096636096540980E-146
  0.94900000000000007        1.1032435881723983E-146
  0.95000000000000007        4.1787224984417573E-147
  0.95100000000000007        1.5811010182493703E-147
  0.95200000000000007        5.9761315672599937E-148
  0.95300000000000007        2.2564494185737726E-148
  0.95400000000000007        8.5109188787165361E-149
  0.95500000000000007        3.2068095588813745E-149
  0.95600000000000007        1.2070249043808094E-149
  0.95700000000000007        4.5384348720818071E-150
  0.95800000000000007        1.7046815884335967E-150
  0.95900000000000007        6.3962906498380079E-151
  0.95999999999999996        2.3975150122591934E-151
  0.96099999999999997        8.9772469969671854E-152
  0.96199999999999997        3.3579496101372617E-152
  0.96299999999999997        1.2547430612353251E-152
  0.96399999999999997        4.6836617540556080E-153
  0.96499999999999997        1.7464928084597418E-153
  0.96599999999999997        6.5057759183362145E-154
  0.96699999999999997        2.4209336263344756E-154
  0.96799999999999997        8.9995047334546334E-155
  0.96899999999999997        3.3420022821905331E-155
  0.96999999999999997        1.2397888882968197E-155
  0.97099999999999997        4.5945402553463295E-156
  0.97199999999999998        1.7009445809699857E-156
  0.97299999999999998        6.2906062983028887E-157
  0.97399999999999998        2.3240718016618810E-157
  0.97499999999999998        8.5775197504635967E-158
  0.97599999999999998        3.1624925831111167E-158
  0.97699999999999998        1.1648053622680699E-158
  0.97799999999999998        4.2858179148404111E-159
  0.97899999999999998        1.5753281396871954E-159
  0.97999999999999998        5.7844990806079327E-160
  0.98099999999999998        2.1218678973845145E-160
  0.98199999999999998        7.7755163141734135E-161
  0.98299999999999998        2.8464193831862403E-161
  0.98399999999999999        1.0409449023489471E-161
  0.98499999999999999        3.8029117431484895E-162
  0.98599999999999999        1.3879213122204235E-162
  0.98699999999999999        5.0602733908663880E-163
  0.98799999999999999        1.8430796292252606E-163
  0.98899999999999999        6.7061867155279614E-164
  0.98999999999999999        2.4376370844577288E-164
  0.99099999999999999        8.8516607661873298E-165
  0.99199999999999999        3.2110215510223690E-165
  0.99299999999999999        1.1636566711700935E-165
  0.99399999999999999        4.2127930884024078E-166
  0.99500000000000000        1.5236297860592140E-166
  0.99600000000000000        5.5049486836173177E-167
  0.99700000000000000        1.9869732777084412E-167
  0.99800000000000000        7.1646691995426274E-168
  0.99900000000000000        2.5808695830085671E-168
   1.0000000000000000        0.0000000000000000     
