 0  0.25000000000000000     
   1.0000000000000000E-002  0.24999999999997061     
   2.0000000000000000E-002  0.24999999999993622     
   2.9999999999999999E-002  0.24999999999989980     
   4.0000000000000001E-002  0.24999999999944711     
   5.0000000000000003E-002  0.24999999999533348     
   5.9999999999999998E-002  0.24999999996572700     
   7.0000000000000007E-002  0.24999999978822252     
   8.0000000000000002E-002  0.24999999887610005     
   8.9999999999999997E-002  0.24999999477485513     
  0.10000000000000001       0.24999997838263119     
  0.11000000000000000       0.24999991941484709     
  0.12000000000000000       0.24999972656862182     
  0.13000000000000000       0.24999914843131546     
  0.14000000000000001       0.24999754850197139     
  0.14999999999999999       0.24999343702378327     
  0.16000000000000000       0.24998357550028596     
  0.17000000000000001       0.24996140000274250     
  0.17999999999999999       0.24991446618835800     
  0.19000000000000000       0.24982064805135185     
  0.20000000000000001       0.24964297616226322     
  0.20999999999999999       0.24932331763214444     
  0.22000000000000000       0.24877557488656662     
  0.23000000000000001       0.24787964166350068     
  0.23999999999999999       0.24647785620716464     
  0.25000000000000000       0.24437593656457735     
  0.26000000000000001       0.24135018019276844     
  0.27000000000000002       0.23716195021911304     
  0.28000000000000003       0.23157919323421522     
  0.28999999999999998       0.22440315549000006     
  0.29999999999999999       0.21549694832307842     
  0.31000000000000000       0.20481157576174103     
  0.32000000000000001       0.19240482208364706     
  0.33000000000000002       0.17844916081443524     
  0.34000000000000002       0.16322649297160510     
  0.35000000000000003       0.14710971591393732     
  0.35999999999999999       0.13053337955041522     
  0.37000000000000000       0.11395750318068774     
  0.38000000000000000        9.7829623469601570E-002
  0.39000000000000001        8.2550155538890113E-002
  0.40000000000000002        6.8445248515478035E-002
  0.41000000000000003        5.5749775383192521E-002
  0.41999999999999998        4.4601293336274279E-002
  0.42999999999999999        3.5044125707403617E-002
  0.44000000000000000        2.7041443838580391E-002
  0.45000000000000001        2.0492523154764328E-002
  0.46000000000000002        1.5252223518234981E-002
  0.47000000000000003        1.1150095203100110E-002
  0.47999999999999998        8.0071675510213301E-003
  0.48999999999999999        5.6492522772433789E-003
  0.50000000000000000        3.9163294900479715E-003
  0.51000000000000001        2.6681749734524373E-003
  0.52000000000000002        1.7867824380805638E-003
  0.53000000000000003        1.1763336120471514E-003
  0.54000000000000004        7.6150502410384066E-004
  0.55000000000000004        4.8482216842026015E-004
  0.56000000000000005        3.0363020258944169E-004
  0.57000000000000006        1.8708823869565487E-004
  0.57999999999999996        1.1344193674927879E-004
  0.58999999999999997        6.7703800587501362E-005
  0.59999999999999998        3.9778747441979631E-005
  0.60999999999999999        2.3013021644870708E-005
  0.62000000000000000        1.3111905183565627E-005
  0.63000000000000000        7.3588814216642629E-006
  0.64000000000000001        4.0690673801234766E-006
  0.65000000000000002        2.2171604779618023E-006
  0.66000000000000003        1.1906920153542728E-006
  0.67000000000000004        6.3034955321125870E-007
  0.68000000000000005        3.2901937235256880E-007
  0.69000000000000006        1.6935439566704181E-007
  0.70000000000000007        8.5976956018377877E-008
  0.70999999999999996        4.3057862673327960E-008
  0.71999999999999997        2.1275536591579337E-008
  0.72999999999999998        1.0373795498023531E-008
  0.73999999999999999        4.9922235805335519E-009
  0.75000000000000000        2.3714734687586069E-009
  0.76000000000000001        1.1121868949035377E-009
  0.77000000000000002        5.1503716106078394E-010
  0.78000000000000003        2.3554037475473584E-010
  0.79000000000000004        1.0639508978889075E-010
  0.80000000000000004        4.7475482927426253E-011
  0.81000000000000005        2.0930022188730287E-011
  0.82000000000000006        9.1176342870991872E-012
  0.83000000000000007        3.9252319591984061E-012
  0.83999999999999997        1.6702308061909916E-012
  0.84999999999999998        7.0254127424714284E-013
  0.85999999999999999        2.9215038195517813E-013
  0.87000000000000000        1.2012525187182483E-013
  0.88000000000000000        4.8843673172502396E-014
  0.89000000000000001        1.9641757695678656E-014
  0.90000000000000002        7.8127021924446450E-015
  0.91000000000000003        3.0741209508394610E-015
  0.92000000000000004        1.1967082864760120E-015
  0.93000000000000005        4.6094730322511840E-016
  0.94000000000000006        1.7569400375586461E-016
  0.95000000000000007        6.6275259332800864E-017
  0.95999999999999996        2.4744577791120773E-017
  0.96999999999999997        9.1450736468593896E-018
  0.97999999999999998        3.3459274158609222E-018
  0.98999999999999999        1.2120227338046926E-018
   1.0000000000000000        0.0000000000000000     
