 0  0.25000000000000000     
   1.0000000000000000E-002  0.24999999999636199     
   2.0000000000000000E-002  0.24999999993087837     
   2.9999999999999999E-002  0.24999999932515493     
   4.0000000000000001E-002  0.24999999548890628     
   5.0000000000000003E-002  0.24999997678719413     
   5.9999999999999998E-002  0.24999990198034538     
   7.0000000000000007E-002  0.24999964639027891     
   8.0000000000000002E-002  0.24999887962007961     
   8.9999999999999997E-002  0.24999681892516890     
  0.10000000000000001       0.24999178167094271     
  0.11000000000000000       0.24998044784893381     
  0.12000000000000000       0.24995674985746061     
  0.13000000000000000       0.24991034129082568     
  0.14000000000000001       0.24982466393703803     
  0.14999999999999999       0.24967472856790970     
  0.16000000000000000       0.24942483628602916     
  0.17000000000000001       0.24902657046178203     
  0.17999999999999999       0.24841745802469817     
  0.19000000000000000       0.24752070915899141     
  0.20000000000000001       0.24624638182351338     
  0.20999999999999999       0.24449418173723109     
  0.22000000000000000       0.24215791495552141     
  0.23000000000000001       0.23913138753376109     
  0.23999999999999999       0.23531533121936768     
  0.25000000000000000       0.23062476199959242     
  0.26000000000000001       0.22499607893586210     
  0.27000000000000002       0.21839320072648613     
  0.28000000000000003       0.21081211833794336     
  0.28999999999999998       0.20228340065083272     
  0.29999999999999999       0.19287240182367618     
  0.31000000000000000       0.18267715309425664     
  0.32000000000000001       0.17182414638229385     
  0.33000000000000002       0.16046240498070782     
  0.34000000000000002       0.14875636838513437     
  0.35000000000000003       0.13687818419256717     
  0.35999999999999999       0.12499999999999999     
  0.37000000000000000       0.11328679058788510     
  0.38000000000000000       0.10189015440312467     
  0.39000000000000001        9.0943385436183730E-002
  0.40000000000000002        8.0557989236778232E-002
  0.41000000000000003        7.0821680299835571E-002
  0.41999999999999998        6.1797784211937490E-002
  0.42999999999999999        5.3525879464697591E-002
  0.44000000000000000        4.6023454228828843E-002
  0.45000000000000001        3.9288322482992119E-002
  0.46000000000000002        3.3301538708915043E-002
  0.47000000000000003        2.8030566038260218E-002
  0.47999999999999998        2.3432483495774099E-002
  0.48999999999999999        1.9457057964249642E-002
  0.50000000000000000        1.6049550365800101E-002
  0.51000000000000001        1.3153168907117993E-002
  0.52000000000000002        1.0711121794895827E-002
  0.53000000000000003        8.6682554606330505E-003
  0.54000000000000004        6.9722909567167856E-003
  0.55000000000000004        5.5746905784894918E-003
  0.56000000000000005        4.4311993599398880E-003
  0.57000000000000006        3.5021127448683353E-003
  0.57999999999999996        2.7523235467404152E-003
  0.58999999999999997        2.1511994482413068E-003
  0.59999999999999998        1.6723378782504919E-003
  0.60999999999999999        1.2932391353410969E-003
  0.62000000000000000        9.9493192780583510E-004
  0.63000000000000000        7.6157870900808993E-004
  0.64000000000000001        5.8008176105428825E-004
  0.65000000000000002        4.3970521537126968E-004
  0.66000000000000003        3.3172325715356311E-004
  0.67000000000000004        2.4910069821425734E-004
  0.68000000000000005        1.8620889961866636E-004
  0.69000000000000006        1.3857761097641730E-004
  0.70000000000000007        1.0268156736196874E-004
  0.70999999999999996        7.5759534651132317E-005
  0.71999999999999997        5.5662806007831892E-005
  0.72999999999999998        4.0729820140935053E-005
  0.73999999999999999        2.9683501828436014E-005
  0.75000000000000000        2.1548037665852263E-005
  0.76000000000000001        1.5582030613290847E-005
  0.77000000000000002        1.1225275463065078E-005
  0.78000000000000003        8.0567262629008814E-006
  0.79000000000000004        5.7615592140639956E-006
  0.80000000000000004        4.1055526092070018E-006
  0.81000000000000005        2.9152978619660373E-006
  0.82000000000000006        2.0630166849292976E-006
  0.83000000000000007        1.4549868208238184E-006
  0.83999999999999997        1.0227728210379962E-006
  0.84999999999999998        7.1662123785637192E-007
  0.85999999999999999        5.0051423796346069E-007
  0.87000000000000000        3.4848547641088946E-007
  0.88000000000000000        2.4189059762115552E-007
  0.89000000000000001        1.6739531301242104E-007
  0.90000000000000002        1.1549972148723522E-007
  0.91000000000000003        7.9461116261411755E-008
  0.92000000000000004        5.4511312643533954E-008
  0.93000000000000005        3.7290524276846558E-008
  0.94000000000000006        2.5439659164287492E-008
  0.95000000000000007        1.7307948528542175E-008
  0.95999999999999996        1.1744146514611167E-008
  0.96999999999999997        7.9480107655228238E-009
  0.97999999999999998        5.3650730393390031E-009
  0.98999999999999999        3.6123652965714097E-009
   1.0000000000000000        0.0000000000000000     
