 0  0.25000000000000000     
  0.10000000000000001       0.24316905654218032     
  0.20000000000000001       0.21857768524274146     
  0.30000000000000004       0.17431324985463417     
  0.40000000000000002       0.12119595218063600     
  0.50000000000000000        7.3390393308763097E-002
  0.60000000000000009        3.8970387865320415E-002
  0.70000000000000007        1.8318377029296465E-002
  0.80000000000000004        7.6973360416818237E-003
  0.90000000000000002        2.9178631901164028E-003
   1.0000000000000000        0.0000000000000000     
