 0  0.25000000000000000     
   1.0000000000000000E-002  0.24754347287869444     
   2.0000000000000000E-002  0.24505332024686799     
   2.9999999999999999E-002  0.24253054853067516     
   4.0000000000000001E-002  0.23997619592752917     
   5.0000000000000003E-002  0.23739133115302399     
   5.9999999999999998E-002  0.23477705212833921     
   7.0000000000000007E-002  0.23213448461010208     
   8.0000000000000002E-002  0.22946478076476409     
   8.9999999999999997E-002  0.22676911768968544     
  0.10000000000000001       0.22404869588323512     
  0.11000000000000000       0.22130473766631303     
  0.12000000000000000       0.21853848555781191     
  0.13000000000000000       0.21575120060661682     
  0.14000000000000001       0.21294416068283062     
  0.14999999999999999       0.21011865873100652     
  0.16000000000000000       0.20727600098819632     
  0.17000000000000001       0.20441750516972906     
  0.17999999999999999       0.20154449862564688     
  0.19000000000000000       0.19865831647078952     
  0.20000000000000001       0.19576029969154124     
  0.20999999999999999       0.19285179323227422     
  0.22000000000000000       0.18993414406454265     
  0.23000000000000001       0.18700869924207689     
  0.23999999999999999       0.18407680394462855     
  0.25000000000000000       0.18113979951369943     
  0.26000000000000001       0.17819902148315264     
  0.27000000000000002       0.17525579760769908     
  0.28000000000000003       0.17231144589216443     
  0.28999999999999998       0.16936727262444581     
  0.29999999999999999       0.16642457041494896     
  0.31000000000000000       0.16348461624527932     
  0.32000000000000001       0.16054866952885416     
  0.33000000000000002       0.15761797018603016     
  0.34000000000000002       0.15469373673623826     
  0.35000000000000003       0.15177716440955200     
  0.35999999999999999       0.14886942327995895     
  0.37000000000000000       0.14597165642255694     
  0.38000000000000000       0.14308497809672371     
  0.39000000000000001       0.14021047195723105     
  0.40000000000000002       0.13734918929513087     
  0.41000000000000003       0.13450214731011090     
  0.41999999999999998       0.13167032741589835     
  0.42999999999999999       0.12885467358014480     
  0.44000000000000000       0.12605609070009777     
  0.45000000000000001       0.12327544301521724     
  0.46000000000000002       0.12051355255777198     
  0.47000000000000003       0.11777119764229704     
  0.47999999999999998       0.11504911139466767     
  0.48999999999999999       0.11234798032140011     
  0.50000000000000000       0.10966844291965867     
  0.51000000000000001       0.10701108832831788     
  0.52000000000000002       0.10437645502029420     
  0.53000000000000003       0.10176502953623638     
  0.54000000000000004        9.9177245259544744E-002
  0.55000000000000004        9.6613481232571172E-002
  0.56000000000000005        9.4074061013732571E-002
  0.57000000000000006        9.1559251575177261E-002
  0.57999999999999996        8.9069262240531702E-002
  0.58999999999999997        8.6604243662163974E-002
  0.59999999999999998        8.4164286837320898E-002
  0.60999999999999999        8.1749422162407742E-002
  0.62000000000000000        7.9359618524616274E-002
  0.63000000000000000        7.6994782430037656E-002
  0.64000000000000001        7.4654757167346653E-002
  0.65000000000000002        7.2339322006102103E-002
  0.66000000000000003        7.0048191428666209E-002
  0.67000000000000004        6.7781014394723574E-002
  0.68000000000000005        6.5537373637361326E-002
  0.69000000000000006        6.3316784989670388E-002
  0.70000000000000007        6.1118696740821390E-002
  0.70999999999999996        5.8942489020595894E-002
  0.71999999999999997        5.6787473211356944E-002
  0.72999999999999998        5.4652891386493131E-002
  0.73999999999999999        5.2537915774405662E-002
  0.75000000000000000        5.0441648247154483E-002
  0.76000000000000001        4.8363119832949358E-002
  0.77000000000000002        4.6301290251737036E-002
  0.78000000000000003        4.4255047473215604E-002
  0.79000000000000004        4.2223207296695445E-002
  0.80000000000000004        4.0204512952320096E-002
  0.81000000000000005        3.8197634723269806E-002
  0.82000000000000006        3.6201169588670673E-002
  0.83000000000000007        3.4213640887066604E-002
  0.83999999999999997        3.2233498000416916E-002
  0.84999999999999998        3.0259116058727324E-002
  0.85999999999999999        2.8288795665552653E-002
  0.87000000000000000        2.6320762644745803E-002
  0.88000000000000000        2.4353167808978299E-002
  0.89000000000000001        2.2384086750699667E-002
  0.90000000000000002        2.0411519656356174E-002
  0.91000000000000003        1.8433391144839485E-002
  0.92000000000000004        1.6447550131287739E-002
  0.93000000000000005        1.4451769717517222E-002
  0.94000000000000006        1.2443747110512224E-002
  0.95000000000000007        1.0421103570554514E-002
  0.95999999999999996        8.3813843907201094E-003
  0.96999999999999997        6.3220589096190608E-003
  0.97999999999999998        4.2405205593948961E-003
  0.98999999999999999        2.1340869511381954E-003
   1.0000000000000000        0.0000000000000000     
